29,1
29,3
35,52
35,51
35,50
35,49
35,48
35,47
35,46
35,45
35,44
35,43
35,42
35,41
35,40
35,39
35,38
35,37
35,36
35,35
10,179
10,301
10,27
10,235
10,229
11,15
11,25
11,17
8,14
8,10
33,3
33,2
33,1
33,0
20,2
20,1
12,3
20,3
12,2
12,1
11,28
11,27
11,26
19,2
19,1
11,24
11,23
11,22
11,21
11,18
11,16
11,13
11,12
11,8
11,4
11,3
19,3
11,2
11,1
10,270
10,269
10,256
10,217
10,216
10,203
10,202
10,182
10,140
10,114
10,113
10,103
10,83
10,79
10,25
18,1
10,24
10,3
10,2
18,3
14,1
10,1
9,7
9,6
9,5
9,4
9,3
9,2
14,3
9,1
8,17
8,16
13,1
8,15
8,13
8,12
8,11
8,9
